$ANSIBLE_VAULT;1.1;AES256
65336661373932626433376262643630343863366161346431626532653235396163343030636563
6335616333353362616264613635656564356231333664350a306633656335383031643431646463
39303062303531373861663936353430643966616162386137623839383561343435313832383464
3537393635643133370a353639383665326134613663356230316131373631383230623438373261
36643736646566626635306530366239636236303562643135363639386638633635366430323838
65663533353232323133313637323637633235323534343135396466663639386662303865376131
61666332333861646633666462373162366330303063363434366166666530646632623130316532
35666135623062336331396163666361353266346239663664313334333161666465353934376462
38663563666534383339343230363763366139643837306165616338303930653162626336353762
62303662633035333130636164333430373239663737626562333262313262343764306335303861
61386432363337663762346330666563396166613633643263363339613832396132336235336538
32373030346565383936633539306362346162353665613431623165646366303330316262366436
32303730353838326361376133306439363161646439633266366335306432386431
